20260106163757
20260106163946
20260107003130
20260107014040
20260107182240
20260107225654
20260109191358
20260109193813
20260109200854
20260112125251
20260114131459
20260114145708
20260115142138
20260116095737
20260116102112
20260116180514
20260119184409
20260119191213
20260120121301
20260120184942
20260121141044
20260121142750
20260121143729
20260124000000
20260124000002
20260124173000
20260124174000
20260124180000
20260125000000
20260125000001
20260125000002
20260125000003
20260125000004
20260125000224
20260125010000
20260125030000
20260126000000
20260126000001
20260126100000
20260127000000
20260127100000
20260127100001
20260127100002
20260127100003
20260127200000
20260128000000
20260128000001
20260128050000
20260128100000
20260129000000
20260130000000
20260130100000
20260131000000
20260131010000
20260131200000
20260131200001
20260131200002
20260203000000
20260204000000
20260204100000
20260205000000
20260206000000
20260206000001
20260206010000
20260207000000
20260208000000
20260209000000
20260210000000
20260211000000
20260211000001
20260211000002
20260212000000
20260213000000
20260214000000
20260215000000
20260215100000
20260216000000
20260217000000
20260217200000
20260218000000
20260219000000
20260220000000
20260221000000
20260222000000
20260223000000
20260223000001
20260223000002
20260223000003
20260224000000
20260224000001
20260224000002
20260225000000
20260226000000
20260227000000
20260227100000
20260228000000
20260228100000
20260228200000
20260229000000
20260230000000
20260230100000
20260230200000
20260231000000
20260301000000
20260301010000
20260303000000
20260309000000
20260310000000
20260310100000
20260311000000
20260312000000
20260313000000
20260313000001
20260313000002
20260314000000
20260315000000
20260316000000
20260317000000
20260317100000
20260318000000
20260319000000
20260319000001
20260319000002
20260319000003
20260319000004
20260319000005
20260319000006
20260319100000
20260320000000
20260320000001
20260320100000
20260321000000
20260322000000
20260323000000
20260324000000
20260324000001
20260324100000
20260325000000
20260326000000
20260327000000
20260327000001
20260327000002
20260327100000
20260327100001
20260327100002
20260327100003
20260327100004
20260327200000
20260327200001
20260327200002
20260327300000
20260328000000
20260329000000
20260329000001
20260330000000
20260330010000
20260330100000
20260330200000
20260331000000
20260331100000
20260401000000
20260402000000
20260403000000
20260417000000
20260417000001
20260417100000
20260417110000
20260420000000
20260420120000
20260420120001
20260421000000
20260422000000
20260422000100
20260422000101
20260422120000
20260422140000
20260422140001
20260422150000
20260422150001
20260423000000
20260423000050
20260423000100
20260423000200
20260423000300
20260423120000
20260424000000
20260424150000
20260426000000
20260426000001
20260426000002
20260426000003
20260426000004
20260426000005
20260426010000
20260426010001
20260426010002
20260426020000
20260426030000
20260426040000
20260426050000
20260426060000
20260426070000
20260426080000
20260426090000
20260426100000
20260426110000
20260427000000
20260427180000
20260427210000
20260500000000
20260501000000
20260502000000
20260503000000
20260504000000
20260504000001
20260505000001
20260509000000
20260509010000
20260509020000
20260513200000
20260520000000
20260520000001
20260520000002
20260521120000
20260522120000
20260523000000
20260523000001
20260523000002
20260523000003
20260526000000
20260531174908
20260531214954
20260600000000
20260601000000
20260601015114
20260601020907
20260601130000
20260602000000
20260603000000
20260604000000
20260605000000
20260605000001
20260605000002
20260606000001
20260606000002
20260606000003
20260606000004
20260607000000
20260626000001
20260626000002
20260626000003
20260626000004
20260626000005
20260626000006
20260626000007
20260626000008
20260626000009
20260626000010
20260626000011
20260627000000
20260628000000
20260702235146
20260703000000
20260703000001
20260703100000
20260703135549
20260703135638
20260703135710
20260703135743
20260703140010
20260703140053
20260703170252
20260703182526
20260703185737
20260703200000
20260703200048
20260703201539
20260704000000
20260705000000
20260706000000
20260707000000
20260708000000
20260708000001
20260708000002
20260708000004
20260708132330
20260708132425
20260708132638
20260708132744
20260708133006
20260708133105
20260708133144
20260708133230
20260708133305
20260708133345
20260708133532
20260708150728
20260708150831
20260709000000
20260709144708
20260709174100
20260709175733
20260709193017
20260709204412
20260709210102
20260709210147
20260709210928
20260709212116
20260709213715
20260709214727
20260710000000
20260710001056
20260710184646
20260710200702
20260710202244
20260711000000
20260711022554
20260711023937
20260711033436
20260711222626
20260712000000
20260713000000
20260713175838
20260713213859
20260714000000
20260714191215
20260714193842
20260714205959
20260715000000
20260715125836
20260715130326
20260715162952
20260715171055
20260715173600
20260715183122
20260715191133
20260715191416
20260716000000
20260716021544
20260716021647
20260716022029
20260716022214
20260716191852
20260717000000
20260717000001
20260717000002
20260717000003
20260717182444
20260717183320
20260717195119
20260717195722
20260717195831
20260718000000
20260719000000
20260719172707
20260719173904
20260719203556
20260719203642
20260719220138
20260719223147
20260720000000
20260720000001
20260720221256
20260720221647
20260721000000
20260721194845
20260722000000
20260722000001
20260722001508
20260722002452
20260722055036
20260722135748
20260722143909
20260722184420
20260722205847
20260725000000
20260726000000
20260726000001
20260726000002
20260727000000
20260727000001
20260728000000
20260729000000
20260729100000
20260730000000
20260731000000
20260731100000
20260801000000
20260802000000
20260802100000
20260803000000
20260803500000
20260804000000
20260805000000
20260806000000
20260816000000
20260816100000
20260817000000
20260817000001
20260818000000
20260818100000
20260819000000
20260820000000
20260821000000
20260822000000
20260823100000
20260825000000
20260825000001
20260826000000
20260826100000
20260827000000
20260827100000
20260828000000
20260828100000
20260828200000
20260829000000
20260829200000
20260829300000
20260829400000
20260829500000
20260829600000
20260829700000
20260830000000
20260830100000
20260830200000
20260830300000
20260830400000
20260830500000
20260830600000
20260830700000
20260830800000
20260831000000
20260831100000
20260901000000
20260901000001
20260901100000
20260901200000
20260902000000
20260903000000
20260904000000
20260905000000
20260905000001
20260905000050
20260906000000
20260907000000
20260907000001
20260907000050
20260908000000
20260908000001
20260908000002
20260908000003
20260908000004
20260908000050
20260908200000
20260908300000
20260909000000
20260909000001
20260909000002
20260909000003
20260909100000
20260909200000
20260910000000
20260910000001
20260910000002
20260910000003
20260910000004
20260910000005
20260910000006
20260910000007
20260910000008
20260910000010
20260910000100
20260910100000
20260911000000
20260912000000
20260915000000
20260916000000
20260916000001
20260916000002
20260916000003
20260917000000
20260917000100
20260918000000
20260919000000
20260920000000
20260921000000
20260927000000
20260927000100
20260928100000
20260928200000
20260929000000
20260930000000
20260930000001
20260932000000
20260934000000
20260935000000
20260940000000
20260941000000
20260942000000
20260943000000
20260944000000
20260945000000
20260950000000
20260951000000
20260951100000
20260952000000
20260953000000
20260954000000
20260960000000
20260961000000
20260962000000
20260962100000
20260970000000
20260980000000
20260981000000
20260982000000
20260983000000
20260984000000
20260985000000
20260986000000
20260987000000
20261001000000
20261001000001
20261001000002
20261001000003
20261001000004
20261002000000
20261003000000
20261004000000
20261005000000
20261006000000
20261007000000
20261008000000
20261009000000
20261010000000
20261011000000
20261011000001
20261012000000
20261012000001
20261012000002
20261012000003
20261012000004
20261012000005
20261012000006
20261013000000
20261014000000
20261015000000
20261016000000
20261016000001
20261016000002
20261017000000
20261018000000
20261019000000
20261019000001
20261019000002
20261019000003
20261019000004
20261019000005
20261020000000
20261021000000
20261021000001
20261022000000
20261023000000
20261024000000
20261025000000
20261026000000
20261027000000
20261028000000
20261028000001
20261029000000
20261029000001
20261029000002
20261030000000
20261030000001
20261030000002
20261030000003
20261031000000
20261031000001
20261031000002
20261031000003
20261031000004
20261031000005
20261031000006
20261031000007
20261031000008
20261032000000
20261032000001
20261032000002
20261032000003
20261033000000
20261033000001
20261033000002
20261101000000
20261102000000
20261102000001
20261102000002
20261102000003
20261103000000
20261104000000
20261105000000
20261105000001
20261105000002
20261106000000
20261107000000
20261109000000
20261110000000
20261111000000
20261112000000
20261114000000
20261115000000
20261116000000
20261118000000
20261119000010
20261119000011
20261119000012
20261119000013
20261119000014
20261119000015
20261119000016
20261119000017
20261119000018
20261119000019
20261119000020
20261125000000
20261125000001
20261125000002
20261125000003
20261127000000
20261128000000
20261214000000
20261217000000
20261217000001
20261222000000
20261223000000
20261224000000
20261226000000
20261227000000
20261228000000
20261229000000
20270101000400
20270101000500
20270103000000
20270105000000
20270105000001
20270106000000
20270106000001
20270202000000
20270203000000
20270204000000
20270205000000
20270206000000
20270207000000
20270313000000
20270313000001
20270314000000
